0 1 477 1
0 2 392 1
1 2 253 1
1 3 403 0
1 4 343 1
1 5 330 1
1 6 89 1
2 3 266 1
3 4 420 1
3 5 344 1
4 5 255 1
4 6 275 0
4 7 101 1
5 6 389 0
5 7 115 0
6 7 191 1
6 8 473 0
6 9 409 0
7 8 134 0
7 9 308 0
7 10 341 0
7 11 341 1
8 9 335 0
8 10 281 0
8 11 320 1
9 10 189 0
9 11 141 0
9 12 338 0
9 13 70 1
10 11 148 1
10 12 403 0
10 13 465 0
10 14 66 1
10 15 483 1
11 12 286 1
11 13 231 1
11 14 315 0
11 15 55 0
12 13 200 1
12 14 468 1
13 14 175 0
13 15 383 1
13 16 429 1
13 17 373 0
14 15 393 1
14 16 58 0
14 17 101 1
14 18 337 1
14 19 382 1
15 16 457 1
15 17 218 0
15 18 186 1
16 17 261 1
16 18 195 0
17 18 253 0
17 19 473 0
17 20 340 0
18 19 126 0
18 20 323 1
19 20 468 0
19 21 173 1
20 21 60 1
20 22 390 1
20 23 337 1
20 24 147 1
21 22 496 0
21 23 227 1
22 23 169 1
23 24 322 1
24 25 292 0
24 26 219 0
24 27 483 1
24 28 497 1
24 29 218 1
25 26 136 1
26 27 248 1
26 28 180 1
26 29 274 1
26 30 245 1
27 28 185 1
27 29 137 1
27 30 170 1
27 31 344 1
28 29 216 1
28 30 353 1
28 31 93 1
29 30 494 1
29 31 355 1
30 31 487 1
30 32 136 1
30 33 234 1
30 34 187 1
30 35 280 1
31 32 437 0
32 33 284 0
32 34 82 1
32 35 445 0
32 36 354 1
33 34 416 0
33 35 246 1
34 35 147 1
34 36 220 1
34 37 165 1
34 38 326 0
34 39 392 1
35 36 472 1
35 37 264 1
36 37 429 0
36 38 261 0
36 39 146 0
37 38 434 1
37 39 153 1
38 39 113 1
38 40 478 0
38 41 210 0
38 42 337 0
38 43 113 0
39 40 164 0
39 41 395 1
39 42 307 0
39 43 322 1
39 44 372 1
40 41 237 1
41 42 329 1
42 43 357 0
42 44 355 0
42 45 314 0
42 46 400 1
43 44 182 0
43 45 163 0
43 46 278 1
43 47 327 1
43 48 275 0
44 45 70 0
45 46 404 0
45 47 93 0
45 48 50 0
45 49 500 1
46 47 371 1
46 48 244 1
47 48 374 1
47 49 184 0
48 49 77 0
49 50 247 1
49 51 424 1
50 51 51 1
50 52 259 0
50 53 485 0
50 54 249 1
51 52 409 1
51 53 244 0
52 53 135 1
52 54 428 1
53 54 173 1
53 55 399 1
54 55 61 0
54 56 331 1
54 57 230 1
54 58 245 1
54 59 404 1
55 56 465 1
55 57 414 1
55 58 346 0
55 59 419 0
56 57 67 0
56 58 405 0
56 59 167 1
57 58 68 1
57 59 157 1
57 60 321 0
57 61 352 1
57 62 234 1
58 59 463 0
58 60 54 1
58 61 412 0
58 62 461 1
59 60 360 1
59 61 240 0
59 62 249 1
59 63 483 1
59 64 385 1
60 61 132 0
61 62 424 1
61 63 134 1
62 63 283 1
62 64 292 1
62 65 356 0
62 66 356 0
62 67 215 0
63 64 455 0
64 65 423 0
65 66 490 0
65 67 107 0
65 68 468 1
65 69 158 1
65 70 283 1
66 67 93 0
66 68 278 0
66 69 101 0
66 70 201 1
67 68 442 0
67 69 491 0
67 70 199 0
68 69 60 0
68 70 258 1
69 70 265 0
69 71 300 1
69 72 312 0
70 71 157 0
70 72 129 0
71 72 412 1
